0 19910.3041211 19372.345094
1 19387.3473346 17169.534259
2 12973.8676144 6934.92189768
3 13833.7736852 16592.9340033
4 8887.39661085 14331.1352916
5 11245.2033311 20376.0510197
6 12245.4709914 13961.3949602
7 14546.785507 15846.9544821
8 14375.0473347 13993.7252013
9 12663.8130341 12898.9996435
10 10531.1923073 12564.664139
11 19641.5168661 6026.63860359
12 23644.7063807 12446.9205776
13 13023.8368669 20128.4247758
14 15023.0762828 14410.7330371
15 16734.9106772 13211.8530847
16 22955.5329082 14450.8326571
17 11062.8141483 13432.4421864
18 19319.5663214 9983.42286326
19 16020.600099 14175.780851
20 10913.2081702 14118.9727215
21 7546.44810585 14327.0999209
22 16837.9120386 20848.4121802
23 23869.048604 4614.67933671
24 7757.93084566 28605.0356932
25 11737.1625828 14635.2079091
26 22933.1595584 4713.59197201
27 8407.15922162 15552.3080787
28 13924.892407 13318.4961436
29 11916.958201 24468.9755353
30 15038.295033 14570.4801129
31 11351.216984 16497.9054015
32 7164.42953587 12246.5931572
33 13917.5996456 14966.6909853
34 13964.3652909 10638.2619316
35 21252.8330284 13516.4239752
36 14316.7874359 13499.9138674
37 8000.48870899 12785.3830691
38 9245.19053425 15071.0911099
39 6964.86520708 13736.9826745
40 13823.8496557 10425.3251426
41 10527.0036257 20121.2306402
42 14496.3822551 18166.9169491
43 17430.2737166 12532.0751904
44 11102.2525802 14981.3727233
45 15927.3883672 20962.8007888
46 11669.4651593 8740.68647734
47 16694.0153349 6849.61549008
48 11101.4512823 22047.1349348
49 23818.6848202 11311.9940059
50 10426.9105095 12462.4038068
51 12402.7054648 17085.7264559
52 18910.1092684 14169.125216
53 11384.6076232 12198.2574896
54 10031.0024501 23526.1032956
55 18247.8024436 17560.4621922
56 14146.7369059 14340.4423413
57 10244.3334482 10868.8268716
58 15661.77165 16855.2161879
59 13220.9373577 14407.5410789
60 16650.6580413 7852.03772499
61 16957.1930025 13811.1326128
62 11783.1994957 20288.9697344
63 6065.98831034 14867.8895579
64 7796.19541315 19436.9173234
65 19792.3886911 6153.0417239
66 13506.0361624 21042.8906339
67 19240.0567355 5567.71619248
68 9344.50278884 21693.6589274
69 17048.0734894 19569.1631277
70 22102.1364708 9683.09399377
71 14267.2963698 11106.2374759
72 21991.1550875 17677.0883892
73 17786.0554889 16080.9149418
74 14177.3159437 11825.1502686
75 13567.8810066 14021.2533558
76 12135.474428 15173.3624334
77 10494.773445 15523.4118813
78 10250.8702526 16463.9014291
79 22134.2293251 9028.07628543
80 11608.9919744 15847.3940983
81 15593.2113925 11638.2909245
82 12235.2350842 15951.7507174
83 15713.7239949 14563.6266589
84 10050.5787566 19857.2057957
85 10463.4787817 20926.4531034
86 22391.1729332 7649.43865133
87 11205.3466149 10872.5034129
88 14657.5937951 4266.05736402
89 15658.5482324 14727.3007249
90 17686.9785607 14724.1693593
91 21410.0112512 11327.8999506
92 8430.84589868 17205.2378084
93 6881.73344133 21552.7077462
94 6669.59177345 14374.0691103
95 22907.0234486 9348.19725815
96 16817.1342501 5941.48397804
97 12042.9306815 12826.961238
98 17038.4329674 8809.94379838
99 12732.8459221 10989.7657538
100 16311.0570538 15514.4527295
101 14688.224441 11207.5427513
102 22627.7582628 11957.0049736
103 10175.3764085 15875.1758956
104 22210.9162087 10212.1023321
105 17275.713135 17483.4212291
106 5681.85901374 14469.381078
107 16330.9582697 11660.8749013
108 18385.4383813 18745.4913492
109 14247.6482297 9414.38214085
110 13063.0245095 15185.3084148
111 15194.0106528 14331.0385297
112 18403.219708 10183.7085926
113 23909.4521656 5432.75292294
114 13865.0486827 14393.9202654
115 13575.3562099 19420.7414154
116 10288.2969833 14760.3053152
117 23665.9241008 7729.88454938
118 13437.2533066 13748.1447746
119 6403.35501425 26202.2695554
120 17818.6383521 13581.996006
121 13075.7100922 15289.8532033
122 18499.7161331 15459.7117133
123 7946.11166231 16371.0273913
124 15484.3414591 14205.114422
125 11849.1562217 10511.5395
126 15765.841944 15313.3133233
127 17098.3529601 3852.34416744
128 12557.5437185 16391.4827123
129 20884.4933603 8010.41434863
130 18890.1302026 18857.4266667
131 12086.2700698 23596.7892313
132 9452.06906242 18595.6723619
133 15065.2859237 14249.3070979
134 15189.8333115 14797.3212054
135 24133.47632 5130.38542064
136 15104.3699364 4391.4088801
137 11977.2435128 17674.0769925
138 9680.15149032 16124.3047441
139 10596.6351135 22819.6183404
140 16811.9918441 14625.9567432
141 8461.04858176 14011.0452189
142 17099.6988672 7511.90068697
143 19821.6115254 6225.13548264
144 6648.52750112 23043.9694673
145 11527.4168967 18765.0124581
146 11627.7190458 5714.93106976
147 13732.0151768 13811.6871562
148 9505.14951829 12646.5164093
149 16546.6622728 16105.4292049
150 10446.3403529 17597.2940814
151 13620.690801 18287.5501026
152 15788.129737 18031.2423118
153 23631.9636764 3872.20708946
154 7264.73332903 17901.1989042
155 14305.2821972 15149.8329073
156 25411.0178416 7244.7970409
157 14152.2985542 23666.7216559
158 14858.1364055 17321.9734901
159 14679.6701655 16075.4820804
160 19378.5237343 18313.580338
161 17430.633921 16655.8470026
162 8115.0789834 21872.5560429
163 8086.9538489 14250.0838309
164 15118.1686792 14034.5560767
165 20666.0495972 16771.1796778
166 24556.9140714 7550.11847078
167 18267.801617 6654.57864176
168 16027.57298 15755.8577009
169 18498.3523643 11558.7616459
170 19856.4615756 13105.2868707
171 10257.9063468 13000.0876945
172 15115.7379765 10779.5157666
173 8336.12291848 20622.0356879
174 14603.0123301 16633.9625513
175 12137.7546164 15780.9069396
176 14249.2736765 12251.9180949
177 28878.1970746 36166.012178
178 15387.8530999 13875.6349333
179 8876.32874138 16322.2287078
180 18440.6204275 13360.0919237
181 9807.14755078 24275.3991015
182 9493.80249855 22204.8065257
183 15533.6853067 14026.8513199
184 8712.05767221 18830.1529847
185 6254.71083827 12758.119755
186 13716.6509324 17835.9355694
187 21406.1112379 14677.5663362
188 13040.6375719 16477.19679
189 12813.7745738 13503.0934999
190 14384.5969699 10212.4309047
191 13383.7896478 14158.3958048
192 20519.7517832 14371.1162153
193 17123.7060532 14950.6017157
194 11004.8296477 17205.5211553
195 14479.013534 12762.1927739
196 11408.3012487 15416.5587009
197 15408.2351641 14620.5735721
198 12901.7225982 11686.6152679
199 19778.9586611 16038.6863036
200 14870.7474704 19106.8615741
201 14522.516438 12762.4060712
202 11240.8432654 16022.8219196
203 15771.3126146 15599.3380735
204 11295.5176429 15474.4440161
205 14315.0963041 13116.1359387
206 19395.5595206 5774.23089828
207 21504.7565944 9625.40124911
208 22649.7129019 14773.6628618
209 22696.8320676 5222.67001334
210 13848.1761501 14580.8490834
211 21456.5325303 9158.11591511
212 5411.42452095 14386.8055013
213 23307.9232497 7443.19667266
214 15173.6350487 6013.50386845
215 9703.86046659 14188.7180787
216 14955.6707391 9237.99599375
217 19577.6849576 11646.6785054
218 20744.0202259 17776.6915075
219 13310.1652851 14818.6967864
220 14177.5189906 14846.3182034
221 15784.1589301 14190.8870311
222 14848.1553701 5046.45122602
223 4503.09786887 15012.9143842
224 17636.912982 14455.9135675
225 21242.3886264 10442.5971562
226 23395.7662165 5364.7617148
227 12745.981715 14519.8881058
228 17271.6141019 15527.4055156
229 18811.2649799 20961.2046686
230 15924.657907 22683.156082
231 11799.8722026 25162.4432355
232 14358.7810581 8136.13975275
233 18335.7106409 16452.8783005
234 17242.7766073 18718.2419546
235 15676.9003639 14874.2299239
236 15191.0070491 13146.0731217
237 12717.2223905 14124.8876656
238 9313.50195472 17231.0874057
239 13340.0915314 17271.2748714
240 16702.0998364 10840.9731877
241 15715.086608 12407.3360283
242 13834.7413991 12727.9406276
243 13330.564132 13484.1763478
244 14180.2030904 14054.2122221
245 15477.1622287 14933.8587883
246 13448.5513108 13487.9953442
